2 1 10 4
500 200
500 200
500 200
500 200
  1 -29.730  64.136  2 12 1 4 1 2 4 8
  2 -30.664   5.463  7  8 1 4 1 2 4 8
  3  51.642   5.469 21 16 1 4 1 2 4 8
  4 -13.171  69.336 24  5 1 4 1 2 4 8
  5 -67.413  68.323  1 12 1 4 1 2 4 8
  6  48.907   6.274 17  5 1 4 1 2 4 8
  7   5.243  22.260  6 13 1 4 1 2 4 8
  8 -65.002  77.234  5 20 1 4 1 2 4 8
  9  -4.175  -1.569  7 13 1 4 1 2 4 8
 10  23.029  11.639  1 18 1 4 1 2 4 8
 49   4.163  13.559  0  0 0 0
 50  21.387  17.105  0  0 0 0
 51 -36.118  49.097  0  0 0 0
 52 -31.201   0.235  0  0 0 0
