6 2 20 4
500 200
500 200
500 200
500 200
  1  -29.730   64.136  2 12 1 4 1 2 4 8 399 525
  2  -30.664    5.463  7  8 1 4 1 2 4 8 121 299
  3   51.642    5.469 21 16 1 4 1 2 4 8 389 483
  4  -13.171   69.336 24  5 1 4 1 2 4 8 204 304
  5  -67.413   68.323  1 12 1 4 1 2 4 8 317 458
  6   48.907    6.274 17  5 1 4 1 2 4 8 160 257
  7    5.243   22.260  6 13 1 4 1 2 4 8 170 287
  8  -65.002   77.234  5 20 1 4 1 2 4 8 215 321
  9   -4.175   -1.569  7 13 1 4 1 2 4 8  80 233
 10   23.029   11.639  1 18 1 4 1 2 4 8  90 206
 11   25.482    6.287  4  7 1 4 1 2 4 8 397 525
 12  -42.615  -26.392 10  6 1 4 1 2 4 8 271 420
 13  -76.672   99.341  2  9 1 4 1 2 4 8 108 266
 14  -20.673   57.892 16  9 1 4 1 2 4 8 340 462
 15  -52.039    6.567 23  4 1 4 1 2 4 8 226 377
 16  -41.376   50.824 18 25 1 4 1 2 4 8 446 604
 17  -91.943   27.588  3  5 1 4 1 2 4 8 444 566
 18  -65.118   30.212 15 17 1 4 1 2 4 8 434 557
 19   18.597   96.716 13  3 1 4 1 2 4 8 319 460
 20  -40.942   83.209 10 16 1 4 1 2 4 8 192 312
 49    4.163   13.559  0  0 0 0  0 1000
 50   21.387   17.105  0  0 0 0  0 1000
 51  -36.118   49.097  0  0 0 0  0 1000
 52  -31.201    0.235  0  0 0 0  0 1000
